1 010 00c 000 000
1 011 00c 000 000
1 012 00c 000 000
1 013 00c 000 000
1 014 00c 000 000
1 015 00c 000 000
1 016 00c 000 000
1 017 00c 000 000
1 018 00c 000 000
1 019 00c 000 000
1 01a 00c 000 000
1 01b 00c 000 000
1 01c 00c 000 000
1 01d 00c 000 000
1 01e 00c 000 000
1 01f 00c 000 000
1 020 00c 000 000
1 021 00c 000 000
1 022 00c 000 000
1 023 00c 000 000
1 024 00c 000 000
1 025 00c 000 000
1 026 00c 000 000
1 027 00c 000 000
1 028 00c 000 000
1 029 00c 000 000
1 02a 00c 000 000
1 02b 00c 000 000
1 02c 00c 000 000
1 02d 00c 000 000
1 02e 00c 000 000
1 02f 00c 000 000
1 030 00c 000 000
1 031 00c 000 000
1 032 00c 000 000
1 033 00c 000 000
1 034 00c 000 000
1 035 00c 000 000
1 036 00c 000 000
1 037 00c 000 000
1 038 00c 000 000
1 039 00c 000 000
1 03a 00c 000 000
1 03b 00c 000 000
1 03c 00c 000 000
1 03d 00c 000 000
1 03e 00c 000 000
1 03f 00c 000 000
1 040 00c 000 000
1 041 00c 000 000
1 042 00c 000 000
1 043 00c 000 000
1 044 00c 000 000
1 045 00c 000 000
1 046 00c 000 000
1 047 00c 000 000
1 048 00c 000 000
1 049 00c 000 000
1 04a 00c 000 000
1 04b 00c 000 000
1 04c 00c 000 000
1 04d 00c 000 000
1 04e 00c 000 000
1 04f 00c 000 000
1 010 00d 000 000
1 011 00d 000 000
1 012 00d 000 000
1 013 00d 000 000
1 014 00d 000 000
1 015 00d 000 000
1 016 00d 000 000
1 017 00d 000 000
1 018 00d 000 000
1 019 00d 000 000
1 01a 00d 000 000
1 01b 00d 000 000
1 01c 00d 000 000
1 01d 00d 000 000
1 01e 00d 000 000
1 01f 00d 000 000
1 020 00d 000 000
1 021 00d 000 000
1 022 00d 000 000
1 023 00d 000 000
1 024 00d 000 000
1 025 00d 000 000
1 026 00d 000 000
1 027 00d 000 000
1 028 00d 000 000
1 029 00d 000 000
1 02a 00d 000 000
1 02b 00d 000 000
1 02c 00d 000 000
1 02d 00d 000 000
1 02e 00d 000 000
1 02f 00d 000 000
1 030 00d 000 000
1 031 00d 000 000
1 032 00d 000 000
1 033 00d 000 000
1 034 00d 000 000
1 035 00d 000 000
1 036 00d 000 000
1 037 00d 000 000
1 038 00d 000 000
1 039 00d 000 000
1 03a 00d 000 000
1 03b 00d 000 000
1 03c 00d 000 000
1 03d 00d 000 000
1 03e 00d 000 000
1 03f 00d 000 000
1 040 00d 000 000
1 041 00d 000 000
1 042 00d 000 000
1 043 00d 000 000
1 044 00d 000 000
1 045 00d 000 000
1 046 00d 000 000
1 047 00d 000 000
1 048 00d 000 000
1 049 00d 000 000
1 04a 00d 000 000
1 04b 00d 000 000
1 04c 00d 000 000
1 04d 00d 000 000
1 04e 00d 000 000
1 04f 00d 000 000
1 010 00e 000 000
1 011 00e 000 000
1 012 00e 000 000
1 013 00e 000 000
1 014 00e 000 000
1 015 00e 000 000
1 016 00e 000 000
1 017 00e 000 000
1 018 00e 000 000
1 019 00e 000 000
1 01a 00e 000 000
1 01b 00e 000 000
1 01c 00e 000 000
1 01d 00e 000 000
1 01e 00e 000 000
1 01f 00e 000 000
1 020 00e 000 000
1 021 00e 000 000
1 022 00e 000 000
1 023 00e 000 000
1 024 00e 000 000
1 025 00e 000 000
1 026 00e 000 000
1 027 00e 000 000
1 028 00e 000 000
1 029 00e 000 000
1 02a 00e 000 000
1 02b 00e 000 000
1 02c 00e 000 000
1 02d 00e 000 000
1 02e 00e 000 000
1 02f 00e 000 000
1 030 00e 000 000
1 031 00e 000 000
1 032 00e 000 000
1 033 00e 000 000
1 034 00e 000 000
1 035 00e 000 000
1 036 00e 000 000
1 037 00e 000 000
1 038 00e 000 000
1 039 00e 000 000
1 03a 00e 000 000
1 03b 00e 000 000
1 03c 00e 000 000
1 03d 00e 000 000
1 03e 00e 000 000
1 03f 00e 000 000
1 040 00e 000 000
1 041 00e 000 000
1 042 00e 000 000
1 043 00e 000 000
1 044 00e 000 000
1 045 00e 000 000
1 046 00e 000 000
1 047 00e 000 000
1 048 00e 000 000
1 049 00e 000 000
1 04a 00e 000 000
1 04b 00e 000 000
1 04c 00e 000 000
1 04d 00e 000 000
1 04e 00e 000 000
1 04f 00e 000 000
1 010 00f 000 000
1 011 00f 000 000
1 012 00f 000 000
1 013 00f 000 000
1 014 00f 000 000
1 015 00f 000 000
1 016 00f 000 000
1 017 00f 000 000
1 018 00f 000 000
1 019 00f 000 000
1 01a 00f 000 000
1 01b 00f 000 000
1 01c 00f 000 000
1 01d 00f 000 000
1 01e 00f 000 000
1 01f 00f 000 000
1 020 00f 000 000
1 021 00f 000 000
1 022 00f 000 000
1 023 00f 000 000
1 024 00f 000 000
1 025 00f 000 000
1 026 00f 000 000
1 027 00f 000 000
1 028 00f 000 000
1 029 00f 000 000
1 02a 00f 000 000
1 02b 00f 000 000
1 02c 00f 000 000
1 02d 00f 000 000
1 02e 00f 000 000
1 02f 00f 000 000
1 030 00f 000 000
1 031 00f 000 000
1 032 00f 000 000
1 033 00f 000 000
1 034 00f 000 000
1 035 00f 000 000
1 036 00f 000 000
1 037 00f 000 000
1 038 00f 000 000
1 039 00f 000 000
1 03a 00f 000 000
1 03b 00f 000 000
1 03c 00f 000 000
1 03d 00f 000 000
1 03e 00f 000 000
1 03f 00f 000 000
1 040 00f 000 000
1 041 00f 000 000
1 042 00f 000 000
1 043 00f 000 000
1 044 00f 000 000
1 045 00f 000 000
1 046 00f 000 000
1 047 00f 000 000
1 048 00f 000 000
1 049 00f 000 000
1 04a 00f 000 000
1 04b 00f 000 000
1 04c 00f 000 000
1 04d 00f 000 000
1 04e 00f 000 000
1 04f 00f 000 000
1 010 010 000 000
1 011 010 000 000
1 012 010 000 000
1 013 010 000 000
1 014 010 000 000
1 015 010 000 000
1 016 010 000 000
1 017 010 000 000
1 018 010 000 000
1 019 010 000 000
1 01a 010 000 000
1 01b 010 000 000
1 01c 010 000 000
1 01d 010 000 000
1 01e 010 000 000
1 01f 010 000 000
1 020 010 000 000
1 021 010 000 000
1 022 010 000 000
1 023 010 000 000
1 024 010 000 000
1 025 010 000 000
1 026 010 000 000
1 027 010 000 000
1 028 010 000 000
1 029 010 000 000
1 02a 010 000 000
1 02b 010 000 000
1 02c 010 000 000
1 02d 010 000 000
1 02e 010 000 000
1 02f 010 000 000
1 030 010 000 000
1 031 010 000 000
1 032 010 000 000
1 033 010 000 000
1 034 010 000 000
1 035 010 000 000
1 036 010 000 000
1 037 010 000 000
1 038 010 000 000
1 039 010 000 000
1 03a 010 000 000
1 03b 010 000 000
1 03c 010 000 000
1 03d 010 000 000
1 03e 010 000 000
1 03f 010 000 000
1 040 010 000 000
1 041 010 000 000
1 042 010 000 000
1 043 010 000 000
1 044 010 000 000
1 045 010 000 000
1 046 010 000 000
1 047 010 000 000
1 048 010 000 000
1 049 010 000 000
1 04a 010 000 000
1 04b 010 000 000
1 04c 010 000 000
1 04d 010 000 000
1 04e 010 000 000
1 04f 010 000 000
1 010 011 000 000
1 011 011 000 000
1 012 011 000 000
1 013 011 000 000
1 014 011 000 000
1 015 011 000 000
1 016 011 000 000
1 017 011 000 000
1 018 011 000 000
1 019 011 000 000
1 01a 011 000 000
1 01b 011 000 000
1 01c 011 000 000
1 01d 011 000 000
1 01e 011 000 000
1 01f 011 000 000
1 020 011 000 000
1 021 011 000 000
1 022 011 000 000
1 023 011 000 000
1 024 011 000 000
1 025 011 000 000
1 026 011 000 000
1 027 011 000 000
1 028 011 000 000
1 029 011 000 000
1 02a 011 000 000
1 02b 011 000 000
1 02c 011 000 000
1 02d 011 000 000
1 02e 011 000 000
1 02f 011 000 000
1 030 011 000 000
1 031 011 000 000
1 032 011 000 000
1 033 011 000 000
1 034 011 000 000
1 035 011 000 000
1 036 011 000 000
1 037 011 000 000
1 038 011 000 000
1 039 011 000 000
1 03a 011 000 000
1 03b 011 000 000
1 03c 011 000 000
1 03d 011 000 000
1 03e 011 000 000
1 03f 011 000 000
1 040 011 000 000
1 041 011 000 000
1 042 011 000 000
1 043 011 000 000
1 044 011 000 000
1 045 011 000 000
1 046 011 000 000
1 047 011 000 000
1 048 011 000 000
1 049 011 000 000
1 04a 011 000 000
1 04b 011 000 000
1 04c 011 000 000
1 04d 011 000 000
1 04e 011 000 000
1 04f 011 000 000
1 010 012 000 000
1 011 012 000 000
1 012 012 000 000
1 013 012 000 000
1 014 012 000 000
1 015 012 000 000
1 016 012 000 000
1 017 012 000 000
1 018 012 000 000
1 019 012 000 000
1 01a 012 000 000
1 01b 012 000 000
1 01c 012 000 000
1 01d 012 000 000
1 01e 012 000 000
1 01f 012 000 000
1 020 012 000 000
1 021 012 000 000
1 022 012 000 000
1 023 012 000 000
1 024 012 000 000
1 025 012 000 000
1 026 012 000 000
1 027 012 000 000
1 028 012 000 000
1 029 012 000 000
1 02a 012 000 000
1 02b 012 000 000
1 02c 012 000 000
1 02d 012 000 000
1 02e 012 000 000
1 02f 012 000 000
1 030 012 000 000
1 031 012 000 000
1 032 012 000 000
1 033 012 000 000
1 034 012 000 000
1 035 012 000 000
1 036 012 000 000
1 037 012 000 000
1 038 012 000 000
1 039 012 000 000
1 03a 012 000 000
1 03b 012 000 000
1 03c 012 000 000
1 03d 012 000 000
1 03e 012 000 000
1 03f 012 000 000
1 040 012 000 000
1 041 012 000 000
1 042 012 000 000
1 043 012 000 000
1 044 012 000 000
1 045 012 000 000
1 046 012 000 000
1 047 012 000 000
1 048 012 000 000
1 049 012 000 000
1 04a 012 000 000
1 04b 012 000 000
1 04c 012 000 000
1 04d 012 000 000
1 04e 012 000 000
1 04f 012 000 000
1 010 013 000 000
1 011 013 000 000
1 012 013 000 000
1 013 013 000 000
1 014 013 000 000
1 015 013 000 000
1 016 013 000 000
1 017 013 000 000
1 018 013 000 000
1 019 013 000 000
1 01a 013 000 000
1 01b 013 000 000
1 01c 013 000 000
1 01d 013 000 000
1 01e 013 000 000
1 01f 013 000 000
1 020 013 000 000
1 021 013 000 000
1 022 013 000 000
1 023 013 000 000
1 024 013 000 000
1 025 013 000 000
1 026 013 000 000
1 027 013 000 000
1 028 013 000 000
1 029 013 000 000
1 02a 013 000 000
1 02b 013 000 000
1 02c 013 000 000
1 02d 013 000 000
1 02e 013 000 000
1 02f 013 000 000
1 030 013 000 000
1 031 013 000 000
1 032 013 000 000
1 033 013 000 000
1 034 013 000 000
1 035 013 000 000
1 036 013 000 000
1 037 013 000 000
1 038 013 000 000
1 039 013 000 000
1 03a 013 000 000
1 03b 013 000 000
1 03c 013 000 000
1 03d 013 000 000
1 03e 013 000 000
1 03f 013 000 000
1 040 013 000 000
1 041 013 000 000
1 042 013 000 000
1 043 013 000 000
1 044 013 000 000
1 045 013 000 000
1 046 013 000 000
1 047 013 000 000
1 048 013 000 000
1 049 013 000 000
1 04a 013 000 000
1 04b 013 000 000
1 04c 013 000 000
1 04d 013 000 000
1 04e 013 000 000
1 04f 013 000 000
1 010 014 000 000
1 011 014 000 000
1 012 014 000 000
1 013 014 000 000
1 014 014 000 000
1 015 014 000 000
1 016 014 000 000
1 017 014 000 000
1 018 014 000 000
1 019 014 000 000
1 01a 014 000 000
1 01b 014 000 000
1 01c 014 000 000
1 01d 014 000 000
1 01e 014 000 000
1 01f 014 000 000
1 020 014 000 000
1 021 014 000 000
1 022 014 000 000
1 023 014 000 000
1 024 014 000 000
1 025 014 000 000
1 026 014 000 000
1 027 014 000 000
1 028 014 000 000
1 029 014 000 000
1 02a 014 000 000
1 02b 014 000 000
1 02c 014 000 000
1 02d 014 000 000
1 02e 014 000 000
1 02f 014 000 000
1 030 014 000 000
1 031 014 000 000
1 032 014 000 000
1 033 014 000 000
1 034 014 000 000
1 035 014 000 000
1 036 014 000 000
1 037 014 000 000
1 038 014 000 000
1 039 014 000 000
1 03a 014 000 000
1 03b 014 000 000
1 03c 014 000 000
1 03d 014 000 000
1 03e 014 000 000
1 03f 014 000 000
1 040 014 000 000
1 041 014 000 000
1 042 014 000 000
1 043 014 000 000
1 044 014 000 000
1 045 014 000 000
1 046 014 000 000
1 047 014 000 000
1 048 014 000 000
1 049 014 000 000
1 04a 014 000 000
1 04b 014 000 000
1 04c 014 000 000
1 04d 014 000 000
1 04e 014 000 000
1 04f 014 000 000
1 010 015 000 000
1 011 015 000 000
1 012 015 000 000
1 013 015 000 000
1 014 015 000 000
1 015 015 000 000
1 016 015 000 000
1 017 015 000 000
1 018 015 000 000
1 019 015 000 000
1 01a 015 000 000
1 01b 015 000 000
1 01c 015 000 000
1 01d 015 000 000
1 01e 015 000 000
1 01f 015 000 000
1 020 015 000 000
1 021 015 000 000
1 022 015 000 000
1 023 015 000 000
1 024 015 000 000
1 025 015 000 000
1 026 015 000 000
1 027 015 000 000
1 028 015 000 000
1 029 015 000 000
1 02a 015 000 000
1 02b 015 000 000
1 02c 015 000 000
1 02d 015 000 000
1 02e 015 000 000
1 02f 015 000 000
1 030 015 000 000
1 031 015 000 000
1 032 015 000 000
1 033 015 000 000
1 034 015 000 000
1 035 015 000 000
1 036 015 000 000
1 037 015 000 000
1 038 015 000 000
1 039 015 000 000
1 03a 015 000 000
1 03b 015 000 000
1 03c 015 000 000
1 03d 015 000 000
1 03e 015 000 000
1 03f 015 000 000
1 040 015 000 000
1 041 015 000 000
1 042 015 000 000
1 043 015 000 000
1 044 015 000 000
1 045 015 000 000
1 046 015 000 000
1 047 015 000 000
1 048 015 000 000
1 049 015 000 000
1 04a 015 000 000
1 04b 015 000 000
1 04c 015 000 000
1 04d 015 000 000
1 04e 015 000 000
1 04f 015 000 000
1 010 016 000 000
1 011 016 000 000
1 012 016 000 000
1 013 016 000 000
1 014 016 000 000
1 015 016 000 000
1 016 016 000 000
1 017 016 000 000
1 018 016 000 000
1 019 016 000 000
1 01a 016 000 000
1 01b 016 000 000
1 01c 016 000 000
1 01d 016 000 000
1 01e 016 000 000
1 01f 016 000 000
1 020 016 000 000
1 021 016 000 000
1 022 016 000 000
1 023 016 000 000
1 024 016 000 000
1 025 016 000 000
1 026 016 000 000
1 027 016 000 000
1 028 016 000 000
1 029 016 000 000
1 02a 016 000 000
1 02b 016 000 000
1 02c 016 000 000
1 02d 016 000 000
1 02e 016 000 000
1 02f 016 000 000
1 030 016 000 000
1 031 016 000 000
1 032 016 000 000
1 033 016 000 000
1 034 016 000 000
1 035 016 000 000
1 036 016 000 000
1 037 016 000 000
1 038 016 000 000
1 039 016 000 000
1 03a 016 000 000
1 03b 016 000 000
1 03c 016 000 000
1 03d 016 000 000
1 03e 016 000 000
1 03f 016 000 000
1 040 016 000 000
1 041 016 000 000
1 042 016 000 000
1 043 016 000 000
1 044 016 000 000
1 045 016 000 000
1 046 016 000 000
1 047 016 000 000
1 048 016 000 000
1 049 016 000 000
1 04a 016 000 000
1 04b 016 000 000
1 04c 016 000 000
1 04d 016 000 000
1 04e 016 000 000
1 04f 016 000 000
1 010 017 000 000
1 011 017 000 000
1 012 017 000 000
1 013 017 000 000
1 014 017 000 000
1 015 017 000 000
1 016 017 000 000
1 017 017 000 000
1 018 017 000 000
1 019 017 000 000
1 01a 017 000 000
1 01b 017 000 000
1 01c 017 000 000
1 01d 017 000 000
1 01e 017 000 000
1 01f 017 000 000
1 020 017 000 000
1 021 017 000 000
1 022 017 000 000
1 023 017 000 000
1 024 017 000 000
1 025 017 000 000
1 026 017 000 000
1 027 017 000 000
1 028 017 000 000
1 029 017 000 000
1 02a 017 000 000
1 02b 017 000 000
1 02c 017 000 000
1 02d 017 000 000
1 02e 017 000 000
1 02f 017 000 000
1 030 017 000 000
1 031 017 000 000
1 032 017 000 000
1 033 017 000 000
1 034 017 000 000
1 035 017 000 000
1 036 017 000 000
1 037 017 000 000
1 038 017 000 000
1 039 017 000 000
1 03a 017 000 000
1 03b 017 000 000
1 03c 017 000 000
1 03d 017 000 000
1 03e 017 000 000
1 03f 017 000 000
1 040 017 000 000
1 041 017 000 000
1 042 017 000 000
1 043 017 000 000
1 044 017 000 000
1 045 017 000 000
1 046 017 000 000
1 047 017 000 000
1 048 017 000 000
1 049 017 000 000
1 04a 017 000 000
1 04b 017 000 000
1 04c 017 000 000
1 04d 017 000 000
1 04e 017 000 000
1 04f 017 000 000
1 010 018 000 000
1 011 018 000 000
1 012 018 000 000
1 013 018 000 000
1 014 018 000 000
1 015 018 000 000
1 016 018 000 000
1 017 018 000 000
1 018 018 000 000
1 019 018 000 000
1 01a 018 000 000
1 01b 018 000 000
1 01c 018 000 000
1 01d 018 000 000
1 01e 018 000 000
1 01f 018 000 000
1 020 018 000 000
1 021 018 000 000
1 022 018 000 000
1 023 018 000 000
1 024 018 000 000
1 025 018 000 000
1 026 018 000 000
1 027 018 000 000
1 028 018 000 000
1 029 018 000 000
1 02a 018 000 000
1 02b 018 000 000
1 02c 018 000 000
1 02d 018 000 000
1 02e 018 000 000
1 02f 018 000 000
1 030 018 000 000
1 031 018 000 000
1 032 018 000 000
1 033 018 000 000
1 034 018 000 000
1 035 018 000 000
1 036 018 000 000
1 037 018 000 000
1 038 018 000 000
1 039 018 000 000
1 03a 018 000 000
1 03b 018 000 000
1 03c 018 000 000
1 03d 018 000 000
1 03e 018 000 000
1 03f 018 000 000
1 040 018 000 000
1 041 018 000 000
1 042 018 000 000
1 043 018 000 000
1 044 018 000 000
1 045 018 000 000
1 046 018 000 000
1 047 018 000 000
1 048 018 000 000
1 049 018 000 000
1 04a 018 000 000
1 04b 018 000 000
1 04c 018 000 000
1 04d 018 000 000
1 04e 018 000 000
1 04f 018 000 000
1 010 019 000 000
1 011 019 000 000
1 012 019 000 000
1 013 019 000 000
1 014 019 000 000
1 015 019 000 000
1 016 019 000 000
1 017 019 000 000
1 018 019 000 000
1 019 019 000 000
1 01a 019 000 000
1 01b 019 000 000
1 01c 019 000 000
1 01d 019 000 000
1 01e 019 000 000
1 01f 019 000 000
1 020 019 000 000
1 021 019 000 000
1 022 019 000 000
1 023 019 000 000
1 024 019 000 000
1 025 019 000 000
1 026 019 000 000
1 027 019 000 000
1 028 019 000 000
1 029 019 000 000
1 02a 019 000 000
1 02b 019 000 000
1 02c 019 000 000
1 02d 019 000 000
1 02e 019 000 000
1 02f 019 000 000
1 030 019 000 000
1 031 019 000 000
1 032 019 000 000
1 033 019 000 000
1 034 019 000 000
1 035 019 000 000
1 036 019 000 000
1 037 019 000 000
1 038 019 000 000
1 039 019 000 000
1 03a 019 000 000
1 03b 019 000 000
1 03c 019 000 000
1 03d 019 000 000
1 03e 019 000 000
1 03f 019 000 000
1 040 019 000 000
1 041 019 000 000
1 042 019 000 000
1 043 019 000 000
1 044 019 000 000
1 045 019 000 000
1 046 019 000 000
1 047 019 000 000
1 048 019 000 000
1 049 019 000 000
1 04a 019 000 000
1 04b 019 000 000
1 04c 019 000 000
1 04d 019 000 000
1 04e 019 000 000
1 04f 019 000 000
1 010 01a 000 000
1 011 01a 000 000
1 012 01a 000 000
1 013 01a 000 000
1 014 01a 000 000
1 015 01a 000 000
1 016 01a 000 000
1 017 01a 000 000
1 018 01a 000 000
1 019 01a 000 000
1 01a 01a 000 000
1 01b 01a 000 000
1 01c 01a 000 000
1 01d 01a 000 000
1 01e 01a 000 000
1 01f 01a 000 000
1 020 01a 000 000
1 021 01a 000 000
1 022 01a 000 000
1 023 01a 000 000
1 024 01a 000 000
1 025 01a 000 000
1 026 01a 000 000
1 027 01a 000 000
1 028 01a 000 000
1 029 01a 000 000
1 02a 01a 000 000
1 02b 01a 000 000
1 02c 01a 000 000
1 02d 01a 000 000
1 02e 01a 000 000
1 02f 01a 000 000
1 030 01a 000 000
1 031 01a 000 000
1 032 01a 000 000
1 033 01a 000 000
1 034 01a 000 000
1 035 01a 000 000
1 036 01a 000 000
1 037 01a 000 000
1 038 01a 000 000
1 039 01a 000 000
1 03a 01a 000 000
1 03b 01a 000 000
1 03c 01a 000 000
1 03d 01a 000 000
1 03e 01a 000 000
1 03f 01a 000 000
1 040 01a 000 000
1 041 01a 000 000
1 042 01a 000 000
1 043 01a 000 000
1 044 01a 000 000
1 045 01a 000 000
1 046 01a 000 000
1 047 01a 000 000
1 048 01a 000 000
1 049 01a 000 000
1 04a 01a 000 000
1 04b 01a 000 000
1 04c 01a 000 000
1 04d 01a 000 000
1 04e 01a 000 000
1 04f 01a 000 000
1 010 01b 000 000
1 011 01b 000 000
1 012 01b 000 000
1 013 01b 000 000
1 014 01b 000 000
1 015 01b 000 000
1 016 01b 000 000
1 017 01b 000 000
1 018 01b 000 000
1 019 01b 000 000
1 01a 01b 000 000
1 01b 01b 000 000
1 01c 01b 000 000
1 01d 01b 000 000
1 01e 01b 000 000
1 01f 01b 000 000
1 020 01b 000 000
1 021 01b 000 000
1 022 01b 000 000
1 023 01b 000 000
1 024 01b 000 000
1 025 01b 000 000
1 026 01b 000 000
1 027 01b 000 000
1 028 01b 000 000
1 029 01b 000 000
1 02a 01b 000 000
1 02b 01b 000 000
1 02c 01b 000 000
1 02d 01b 000 000
1 02e 01b 000 000
1 02f 01b 000 000
1 030 01b 000 000
1 031 01b 000 000
1 032 01b 000 000
1 033 01b 000 000
1 034 01b 000 000
1 035 01b 000 000
1 036 01b 000 000
1 037 01b 000 000
1 038 01b 000 000
1 039 01b 000 000
1 03a 01b 000 000
1 03b 01b 000 000
1 03c 01b 000 000
1 03d 01b 000 000
1 03e 01b 000 000
1 03f 01b 000 000
1 040 01b 000 000
1 041 01b 000 000
1 042 01b 000 000
1 043 01b 000 000
1 044 01b 000 000
1 045 01b 000 000
1 046 01b 000 000
1 047 01b 000 000
1 048 01b 000 000
1 049 01b 000 000
1 04a 01b 000 000
1 04b 01b 000 000
1 04c 01b 000 000
1 04d 01b 000 000
1 04e 01b 000 000
1 04f 01b 000 000
1 010 01c 000 000
1 011 01c 000 000
1 012 01c 000 000
1 013 01c 000 000
1 014 01c 000 000
1 015 01c 000 000
1 016 01c 000 000
1 017 01c 000 000
1 018 01c 000 000
1 019 01c 000 000
1 01a 01c 000 000
1 01b 01c 000 000
1 01c 01c 000 000
1 01d 01c 000 000
1 01e 01c 000 000
1 01f 01c 000 000
1 020 01c 000 000
1 021 01c 000 000
1 022 01c 000 000
1 023 01c 000 000
1 024 01c 000 000
1 025 01c 000 000
1 026 01c 000 000
1 027 01c 000 000
1 028 01c 000 000
1 029 01c 000 000
1 02a 01c 000 000
1 02b 01c 000 000
1 02c 01c 000 000
1 02d 01c 000 000
1 02e 01c 000 000
1 02f 01c 000 000
1 030 01c 000 000
1 031 01c 000 000
1 032 01c 000 000
1 033 01c 000 000
1 034 01c 000 000
1 035 01c 000 000
1 036 01c 000 000
1 037 01c 000 000
1 038 01c 000 000
1 039 01c 000 000
1 03a 01c 000 000
1 03b 01c 000 000
1 03c 01c 000 000
1 03d 01c 000 000
1 03e 01c 000 000
1 03f 01c 000 000
1 040 01c 000 000
1 041 01c 000 000
1 042 01c 000 000
1 043 01c 000 000
1 044 01c 000 000
1 045 01c 000 000
1 046 01c 000 000
1 047 01c 000 000
1 048 01c 000 000
1 049 01c 000 000
1 04a 01c 000 000
1 04b 01c 000 000
1 04c 01c 000 000
1 04d 01c 000 000
1 04e 01c 000 000
1 04f 01c 000 000
1 010 01d 000 000
1 011 01d 000 000
1 012 01d 000 000
1 013 01d 000 000
1 014 01d 000 000
1 015 01d 000 000
1 016 01d 000 000
1 017 01d 000 000
1 018 01d 000 000
1 019 01d 000 000
1 01a 01d 000 000
1 01b 01d 000 000
1 01c 01d 000 000
1 01d 01d 000 000
1 01e 01d 000 000
1 01f 01d 000 000
1 020 01d 000 000
1 021 01d 000 000
1 022 01d 000 000
1 023 01d 000 000
1 024 01d 000 000
1 025 01d 000 000
1 026 01d 000 000
1 027 01d 000 000
1 028 01d 000 000
1 029 01d 000 000
1 02a 01d 000 000
1 02b 01d 000 000
1 02c 01d 000 000
1 02d 01d 000 000
1 02e 01d 000 000
1 02f 01d 000 000
1 030 01d 000 000
1 031 01d 000 000
1 032 01d 000 000
1 033 01d 000 000
1 034 01d 000 000
1 035 01d 000 000
1 036 01d 000 000
1 037 01d 000 000
1 038 01d 000 000
1 039 01d 000 000
1 03a 01d 000 000
1 03b 01d 000 000
1 03c 01d 000 000
1 03d 01d 000 000
1 03e 01d 000 000
1 03f 01d 000 000
1 040 01d 000 000
1 041 01d 000 000
1 042 01d 000 000
1 043 01d 000 000
1 044 01d 000 000
1 045 01d 000 000
1 046 01d 000 000
1 047 01d 000 000
1 048 01d 000 000
1 049 01d 000 000
1 04a 01d 000 000
1 04b 01d 000 000
1 04c 01d 000 000
1 04d 01d 000 000
1 04e 01d 000 000
1 04f 01d 000 000
1 010 01e 000 000
1 011 01e 000 000
1 012 01e 000 000
1 013 01e 000 000
1 014 01e 000 000
1 015 01e 000 000
1 016 01e 000 000
1 017 01e 000 000
1 018 01e 000 000
1 019 01e 000 000
1 01a 01e 000 000
1 01b 01e 000 000
1 01c 01e 000 000
1 01d 01e 000 000
1 01e 01e 000 000
1 01f 01e 000 000
1 020 01e 000 000
1 021 01e 000 000
1 022 01e 000 000
1 023 01e 000 000
1 024 01e 000 000
1 025 01e 000 000
1 026 01e 000 000
1 027 01e 000 000
1 028 01e 000 000
1 029 01e 000 000
1 02a 01e 000 000
1 02b 01e 000 000
1 02c 01e 000 000
1 02d 01e 000 000
1 02e 01e 000 000
1 02f 01e 000 000
1 030 01e 000 000
1 031 01e 000 000
1 032 01e 000 000
1 033 01e 000 000
1 034 01e 000 000
1 035 01e 000 000
1 036 01e 000 000
1 037 01e 000 000
1 038 01e 000 000
1 039 01e 000 000
1 03a 01e 000 000
1 03b 01e 000 000
1 03c 01e 000 000
1 03d 01e 000 000
1 03e 01e 000 000
1 03f 01e 000 000
1 040 01e 000 000
1 041 01e 000 000
1 042 01e 000 000
1 043 01e 000 000
1 044 01e 000 000
1 045 01e 000 000
1 046 01e 000 000
1 047 01e 000 000
1 048 01e 000 000
1 049 01e 000 000
1 04a 01e 000 000
1 04b 01e 000 000
1 04c 01e 000 000
1 04d 01e 000 000
1 04e 01e 000 000
1 04f 01e 000 000
1 010 01f 000 000
1 011 01f 000 000
1 012 01f 000 000
1 013 01f 000 000
1 014 01f 000 000
1 015 01f 000 000
1 016 01f 000 000
1 017 01f 000 000
1 018 01f 000 000
1 019 01f 000 000
1 01a 01f 000 000
1 01b 01f 000 000
1 01c 01f 000 000
1 01d 01f 000 000
1 01e 01f 000 000
1 01f 01f 000 000
1 020 01f 000 000
1 021 01f 000 000
1 022 01f 000 000
1 023 01f 000 000
1 024 01f 000 000
1 025 01f 000 000
1 026 01f 000 000
1 027 01f 000 000
1 028 01f 000 000
1 029 01f 000 000
1 02a 01f 000 000
1 02b 01f 000 000
1 02c 01f 000 000
1 02d 01f 000 000
1 02e 01f 000 000
1 02f 01f 000 000
1 030 01f 000 000
1 031 01f 000 000
1 032 01f 000 000
1 033 01f 000 000
1 034 01f 000 000
1 035 01f 000 000
1 036 01f 000 000
1 037 01f 000 000
1 038 01f 000 000
1 039 01f 000 000
1 03a 01f 000 000
1 03b 01f 000 000
1 03c 01f 000 000
1 03d 01f 000 000
1 03e 01f 000 000
1 03f 01f 000 000
1 040 01f 000 000
1 041 01f 000 000
1 042 01f 000 000
1 043 01f 000 000
1 044 01f 000 000
1 045 01f 000 000
1 046 01f 000 000
1 047 01f 000 000
1 048 01f 000 000
1 049 01f 000 000
1 04a 01f 000 000
1 04b 01f 000 000
1 04c 01f 000 000
1 04d 01f 000 000
1 04e 01f 000 000
1 04f 01f 000 000
1 010 020 000 000
1 011 020 000 000
1 012 020 000 000
1 013 020 000 000
1 014 020 000 000
1 015 020 000 000
1 016 020 000 000
1 017 020 000 000
1 018 020 000 000
1 019 020 000 000
1 01a 020 000 000
1 01b 020 000 000
1 01c 020 000 000
1 01d 020 000 000
1 01e 020 000 000
1 01f 020 000 000
1 020 020 000 000
1 021 020 000 000
1 022 020 000 000
1 023 020 000 000
1 024 020 000 000
1 025 020 000 000
1 026 020 000 000
1 027 020 000 000
1 028 020 000 000
1 029 020 000 000
1 02a 020 000 000
1 02b 020 000 000
1 02c 020 000 000
1 02d 020 000 000
1 02e 020 000 000
1 02f 020 000 000
1 030 020 000 000
1 031 020 000 000
1 032 020 000 000
1 033 020 000 000
1 034 020 000 000
1 035 020 000 000
1 036 020 000 000
1 037 020 000 000
1 038 020 000 000
1 039 020 000 000
1 03a 020 000 000
1 03b 020 000 000
1 03c 020 000 000
1 03d 020 000 000
1 03e 020 000 000
1 03f 020 000 000
1 040 020 000 000
1 041 020 000 000
1 042 020 000 000
1 043 020 000 000
1 044 020 000 000
1 045 020 000 000
1 046 020 000 000
1 047 020 000 000
1 048 020 000 000
1 049 020 000 000
1 04a 020 000 000
1 04b 020 000 000
1 04c 020 000 000
1 04d 020 000 000
1 04e 020 000 000
1 04f 020 000 000
1 010 021 000 000
1 011 021 000 000
1 012 021 000 000
1 013 021 000 000
1 014 021 000 000
1 015 021 000 000
1 016 021 000 000
1 017 021 000 000
1 018 021 000 000
1 019 021 000 000
1 01a 021 000 000
1 01b 021 000 000
1 01c 021 000 000
1 01d 021 000 000
1 01e 021 000 000
1 01f 021 000 000
1 020 021 000 000
1 021 021 000 000
1 022 021 000 000
1 023 021 000 000
1 024 021 000 000
1 025 021 000 000
1 026 021 000 000
1 027 021 000 000
1 028 021 000 000
1 029 021 000 000
1 02a 021 000 000
1 02b 021 000 000
1 02c 021 000 000
1 02d 021 000 000
1 02e 021 000 000
1 02f 021 000 000
1 030 021 000 000
1 031 021 000 000
1 032 021 000 000
1 033 021 000 000
1 034 021 000 000
1 035 021 000 000
1 036 021 000 000
1 037 021 000 000
1 038 021 000 000
1 039 021 000 000
1 03a 021 000 000
1 03b 021 000 000
1 03c 021 000 000
1 03d 021 000 000
1 03e 021 000 000
1 03f 021 000 000
1 040 021 000 000
1 041 021 000 000
1 042 021 000 000
1 043 021 000 000
1 044 021 000 000
1 045 021 000 000
1 046 021 000 000
1 047 021 000 000
1 048 021 000 000
1 049 021 000 000
1 04a 021 000 000
1 04b 021 000 000
1 04c 021 000 000
1 04d 021 000 000
1 04e 021 000 000
1 04f 021 000 000
1 010 022 000 000
1 011 022 000 000
1 012 022 000 000
1 013 022 000 000
1 014 022 000 000
1 015 022 000 000
1 016 022 000 000
1 017 022 000 000
1 018 022 000 000
1 019 022 000 000
1 01a 022 000 000
1 01b 022 000 000
1 01c 022 000 000
1 01d 022 000 000
1 01e 022 000 000
1 01f 022 000 000
1 020 022 000 000
1 021 022 000 000
1 022 022 000 000
1 023 022 000 000
1 024 022 000 000
1 025 022 000 000
1 026 022 000 000
1 027 022 000 000
1 028 022 000 000
1 029 022 000 000
1 02a 022 000 000
1 02b 022 000 000
1 02c 022 000 000
1 02d 022 000 000
1 02e 022 000 000
1 02f 022 000 000
1 030 022 000 000
1 031 022 000 000
1 032 022 000 000
1 033 022 000 000
1 034 022 000 000
1 035 022 000 000
1 036 022 000 000
1 037 022 000 000
1 038 022 000 000
1 039 022 000 000
1 03a 022 000 000
1 03b 022 000 000
1 03c 022 000 000
1 03d 022 000 000
1 03e 022 000 000
1 03f 022 000 000
1 040 022 000 000
1 041 022 000 000
1 042 022 000 000
1 043 022 000 000
1 044 022 000 000
1 045 022 000 000
1 046 022 000 000
1 047 022 000 000
1 048 022 000 000
1 049 022 000 000
1 04a 022 000 000
1 04b 022 000 000
1 04c 022 000 000
1 04d 022 000 000
1 04e 022 000 000
1 04f 022 000 000
1 010 023 000 000
1 011 023 000 000
1 012 023 000 000
1 013 023 000 000
1 014 023 000 000
1 015 023 000 000
1 016 023 000 000
1 017 023 000 000
1 018 023 000 000
1 019 023 000 000
1 01a 023 000 000
1 01b 023 000 000
1 01c 023 000 000
1 01d 023 000 000
1 01e 023 000 000
1 01f 023 000 000
1 020 023 000 000
1 021 023 000 000
1 022 023 000 000
1 023 023 000 000
1 024 023 000 000
1 025 023 000 000
1 026 023 000 000
1 027 023 000 000
1 028 023 000 000
1 029 023 000 000
1 02a 023 000 000
1 02b 023 000 000
1 02c 023 000 000
1 02d 023 000 000
1 02e 023 000 000
1 02f 023 000 000
1 030 023 000 000
1 031 023 000 000
1 032 023 000 000
1 033 023 000 000
1 034 023 000 000
1 035 023 000 000
1 036 023 000 000
1 037 023 000 000
1 038 023 000 000
1 039 023 000 000
1 03a 023 000 000
1 03b 023 000 000
1 03c 023 000 000
1 03d 023 000 000
1 03e 023 000 000
1 03f 023 000 000
1 040 023 000 000
1 041 023 000 000
1 042 023 000 000
1 043 023 000 000
1 044 023 000 000
1 045 023 000 000
1 046 023 000 000
1 047 023 000 000
1 048 023 000 000
1 049 023 000 000
1 04a 023 000 000
1 04b 023 000 000
1 04c 023 000 000
1 04d 023 000 000
1 04e 023 000 000
1 04f 023 000 000
1 010 024 000 000
1 011 024 000 000
1 012 024 000 000
1 013 024 000 000
1 014 024 000 000
1 015 024 000 000
1 016 024 000 000
1 017 024 000 000
1 018 024 000 000
1 019 024 000 000
1 01a 024 000 000
1 01b 024 000 000
1 01c 024 000 000
1 01d 024 000 000
1 01e 024 000 000
1 01f 024 000 000
1 020 024 000 000
1 021 024 000 000
1 022 024 000 000
1 023 024 000 000
1 024 024 000 000
1 025 024 000 000
1 026 024 000 000
1 027 024 000 000
1 028 024 000 000
1 029 024 000 000
1 02a 024 000 000
1 02b 024 000 000
1 02c 024 000 000
1 02d 024 000 000
1 02e 024 000 000
1 02f 024 000 000
1 030 024 000 000
1 031 024 000 000
1 032 024 000 000
1 033 024 000 000
1 034 024 000 000
1 035 024 000 000
1 036 024 000 000
1 037 024 000 000
1 038 024 000 000
1 039 024 000 000
1 03a 024 000 000
1 03b 024 000 000
1 03c 024 000 000
1 03d 024 000 000
1 03e 024 000 000
1 03f 024 000 000
1 040 024 000 000
1 041 024 000 000
1 042 024 000 000
1 043 024 000 000
1 044 024 000 000
1 045 024 000 000
1 046 024 000 000
1 047 024 000 000
1 048 024 000 000
1 049 024 000 000
1 04a 024 000 000
1 04b 024 000 000
1 04c 024 000 000
1 04d 024 000 000
1 04e 024 000 000
1 04f 024 000 000
1 010 025 000 000
1 011 025 000 000
1 012 025 000 000
1 013 025 000 000
1 014 025 000 000
1 015 025 000 000
1 016 025 000 000
1 017 025 000 000
1 018 025 000 000
1 019 025 000 000
1 01a 025 000 000
1 01b 025 000 000
1 01c 025 000 000
1 01d 025 000 000
1 01e 025 000 000
1 01f 025 000 000
1 020 025 000 000
1 021 025 000 000
1 022 025 000 000
1 023 025 000 000
1 024 025 000 000
1 025 025 000 000
1 026 025 000 000
1 027 025 000 000
1 028 025 000 000
1 029 025 000 000
1 02a 025 000 000
1 02b 025 000 000
1 02c 025 000 000
1 02d 025 000 000
1 02e 025 000 000
1 02f 025 000 000
1 030 025 000 000
1 031 025 000 000
1 032 025 000 000
1 033 025 000 000
1 034 025 000 000
1 035 025 000 000
1 036 025 000 000
1 037 025 000 000
1 038 025 000 000
1 039 025 000 000
1 03a 025 000 000
1 03b 025 000 000
1 03c 025 000 000
1 03d 025 000 000
1 03e 025 000 000
1 03f 025 000 000
1 040 025 000 000
1 041 025 000 000
1 042 025 000 000
1 043 025 000 000
1 044 025 000 000
1 045 025 000 000
1 046 025 000 000
1 047 025 000 000
1 048 025 000 000
1 049 025 000 000
1 04a 025 000 000
1 04b 025 000 000
1 04c 025 000 000
1 04d 025 000 000
1 04e 025 000 000
1 04f 025 000 000
1 010 026 000 000
1 011 026 000 000
1 012 026 000 000
1 013 026 000 000
1 014 026 000 000
1 015 026 000 000
1 016 026 000 000
1 017 026 000 000
1 018 026 000 000
1 019 026 000 000
1 01a 026 000 000
1 01b 026 000 000
1 01c 026 000 000
1 01d 026 000 000
1 01e 026 000 000
1 01f 026 000 000
1 020 026 000 000
1 021 026 000 000
1 022 026 000 000
1 023 026 000 000
1 024 026 000 000
1 025 026 000 000
1 026 026 000 000
1 027 026 000 000
1 028 026 000 000
1 029 026 000 000
1 02a 026 000 000
1 02b 026 000 000
1 02c 026 000 000
1 02d 026 000 000
1 02e 026 000 000
1 02f 026 000 000
1 030 026 000 000
1 031 026 000 000
1 032 026 000 000
1 033 026 000 000
1 034 026 000 000
1 035 026 000 000
1 036 026 000 000
1 037 026 000 000
1 038 026 000 000
1 039 026 000 000
1 03a 026 000 000
1 03b 026 000 000
1 03c 026 000 000
1 03d 026 000 000
1 03e 026 000 000
1 03f 026 000 000
1 040 026 000 000
1 041 026 000 000
1 042 026 000 000
1 043 026 000 000
1 044 026 000 000
1 045 026 000 000
1 046 026 000 000
1 047 026 000 000
1 048 026 000 000
1 049 026 000 000
1 04a 026 000 000
1 04b 026 000 000
1 04c 026 000 000
1 04d 026 000 000
1 04e 026 000 000
1 04f 026 000 000
1 010 027 000 000
1 011 027 000 000
1 012 027 000 000
1 013 027 000 000
1 014 027 000 000
1 015 027 000 000
1 016 027 000 000
1 017 027 000 000
1 018 027 000 000
1 019 027 000 000
1 01a 027 000 000
1 01b 027 000 000
1 01c 027 000 000
1 01d 027 000 000
1 01e 027 000 000
1 01f 027 000 000
1 020 027 000 000
1 021 027 000 000
1 022 027 000 000
1 023 027 000 000
1 024 027 000 000
1 025 027 000 000
1 026 027 000 000
1 027 027 000 000
1 028 027 000 000
1 029 027 000 000
1 02a 027 000 000
1 02b 027 000 000
1 02c 027 000 000
1 02d 027 000 000
1 02e 027 000 000
1 02f 027 000 000
1 030 027 000 000
1 031 027 000 000
1 032 027 000 000
1 033 027 000 000
1 034 027 000 000
1 035 027 000 000
1 036 027 000 000
1 037 027 000 000
1 038 027 000 000
1 039 027 000 000
1 03a 027 000 000
1 03b 027 000 000
1 03c 027 000 000
1 03d 027 000 000
1 03e 027 000 000
1 03f 027 000 000
1 040 027 000 000
1 041 027 000 000
1 042 027 000 000
1 043 027 000 000
1 044 027 000 000
1 045 027 000 000
1 046 027 000 000
1 047 027 000 000
1 048 027 000 000
1 049 027 000 000
1 04a 027 000 000
1 04b 027 000 000
1 04c 027 000 000
1 04d 027 000 000
1 04e 027 000 000
1 04f 027 000 000
1 010 028 000 000
1 011 028 000 000
1 012 028 000 000
1 013 028 000 000
1 014 028 000 000
1 015 028 000 000
1 016 028 000 000
1 017 028 000 000
1 018 028 000 000
1 019 028 000 000
1 01a 028 000 000
1 01b 028 000 000
1 01c 028 000 000
1 01d 028 000 000
1 01e 028 000 000
1 01f 028 000 000
1 020 028 000 000
1 021 028 000 000
1 022 028 000 000
1 023 028 000 000
1 024 028 000 000
1 025 028 000 000
1 026 028 000 000
1 027 028 000 000
1 028 028 000 000
1 029 028 000 000
1 02a 028 000 000
1 02b 028 000 000
1 02c 028 000 000
1 02d 028 000 000
1 02e 028 000 000
1 02f 028 000 000
1 030 028 000 000
1 031 028 000 000
1 032 028 000 000
1 033 028 000 000
1 034 028 000 000
1 035 028 000 000
1 036 028 000 000
1 037 028 000 000
1 038 028 000 000
1 039 028 000 000
1 03a 028 000 000
1 03b 028 000 000
1 03c 028 000 000
1 03d 028 000 000
1 03e 028 000 000
1 03f 028 000 000
1 040 028 000 000
1 041 028 000 000
1 042 028 000 000
1 043 028 000 000
1 044 028 000 000
1 045 028 000 000
1 046 028 000 000
1 047 028 000 000
1 048 028 000 000
1 049 028 000 000
1 04a 028 000 000
1 04b 028 000 000
1 04c 028 000 000
1 04d 028 000 000
1 04e 028 000 000
1 04f 028 000 000
1 010 029 000 000
1 011 029 000 000
1 012 029 000 000
1 013 029 000 000
1 014 029 000 000
1 015 029 000 000
1 016 029 000 000
1 017 029 000 000
1 018 029 000 000
1 019 029 000 000
1 01a 029 000 000
1 01b 029 000 000
1 01c 029 000 000
1 01d 029 000 000
1 01e 029 000 000
1 01f 029 000 000
1 020 029 000 000
1 021 029 000 000
1 022 029 000 000
1 023 029 000 000
1 024 029 000 000
1 025 029 000 000
1 026 029 000 000
1 027 029 000 000
1 028 029 000 000
1 029 029 000 000
1 02a 029 000 000
1 02b 029 000 000
1 02c 029 000 000
1 02d 029 000 000
1 02e 029 000 000
1 02f 029 000 000
1 030 029 000 000
1 031 029 000 000
1 032 029 000 000
1 033 029 000 000
1 034 029 000 000
1 035 029 000 000
1 036 029 000 000
1 037 029 000 000
1 038 029 000 000
1 039 029 000 000
1 03a 029 000 000
1 03b 029 000 000
1 03c 029 000 000
1 03d 029 000 000
1 03e 029 000 000
1 03f 029 000 000
1 040 029 000 000
1 041 029 000 000
1 042 029 000 000
1 043 029 000 000
1 044 029 000 000
1 045 029 000 000
1 046 029 000 000
1 047 029 000 000
1 048 029 000 000
1 049 029 000 000
1 04a 029 000 000
1 04b 029 000 000
1 04c 029 000 000
1 04d 029 000 000
1 04e 029 000 000
1 04f 029 000 000
1 010 02a 000 000
1 011 02a 000 000
1 012 02a 000 000
1 013 02a 000 000
1 014 02a 000 000
1 015 02a 000 000
1 016 02a 000 000
1 017 02a 000 000
1 018 02a 000 000
1 019 02a 000 000
1 01a 02a 000 000
1 01b 02a 000 000
1 01c 02a 000 000
1 01d 02a 000 000
1 01e 02a 000 000
1 01f 02a 000 000
1 020 02a 000 000
1 021 02a 000 000
1 022 02a 000 000
1 023 02a 000 000
1 024 02a 000 000
1 025 02a 000 000
1 026 02a 000 000
1 027 02a 000 000
1 028 02a 000 000
1 029 02a 000 000
1 02a 02a 000 000
1 02b 02a 000 000
1 02c 02a 000 000
1 02d 02a 000 000
1 02e 02a 000 000
1 02f 02a 000 000
1 030 02a 000 000
1 031 02a 000 000
1 032 02a 000 000
1 033 02a 000 000
1 034 02a 000 000
1 035 02a 000 000
1 036 02a 000 000
1 037 02a 000 000
1 038 02a 000 000
1 039 02a 000 000
1 03a 02a 000 000
1 03b 02a 000 000
1 03c 02a 000 000
1 03d 02a 000 000
1 03e 02a 000 000
1 03f 02a 000 000
1 040 02a 000 000
1 041 02a 000 000
1 042 02a 000 000
1 043 02a 000 000
1 044 02a 000 000
1 045 02a 000 000
1 046 02a 000 000
1 047 02a 000 000
1 048 02a 000 000
1 049 02a 000 000
1 04a 02a 000 000
1 04b 02a 000 000
1 04c 02a 000 000
1 04d 02a 000 000
1 04e 02a 000 000
1 04f 02a 000 000
1 010 02b 000 000
1 011 02b 000 000
1 012 02b 000 000
1 013 02b 000 000
1 014 02b 000 000
1 015 02b 000 000
1 016 02b 000 000
1 017 02b 000 000
1 018 02b 000 000
1 019 02b 000 000
1 01a 02b 000 000
1 01b 02b 000 000
1 01c 02b 000 000
1 01d 02b 000 000
1 01e 02b 000 000
1 01f 02b 000 000
1 020 02b 000 000
1 021 02b 000 000
1 022 02b 000 000
1 023 02b 000 000
1 024 02b 000 000
1 025 02b 000 000
1 026 02b 000 000
1 027 02b 000 000
1 028 02b 000 000
1 029 02b 000 000
1 02a 02b 000 000
1 02b 02b 000 000
1 02c 02b 000 000
1 02d 02b 000 000
1 02e 02b 000 000
1 02f 02b 000 000
1 030 02b 000 000
1 031 02b 000 000
1 032 02b 000 000
1 033 02b 000 000
1 034 02b 000 000
1 035 02b 000 000
1 036 02b 000 000
1 037 02b 000 000
1 038 02b 000 000
1 039 02b 000 000
1 03a 02b 000 000
1 03b 02b 000 000
1 03c 02b 000 000
1 03d 02b 000 000
1 03e 02b 000 000
1 03f 02b 000 000
1 040 02b 000 000
1 041 02b 000 000
1 042 02b 000 000
1 043 02b 000 000
1 044 02b 000 000
1 045 02b 000 000
1 046 02b 000 000
1 047 02b 000 000
1 048 02b 000 000
1 049 02b 000 000
1 04a 02b 000 000
1 04b 02b 000 000
1 04c 02b 000 000
1 04d 02b 000 000
1 04e 02b 000 000
1 04f 02b 000 000
1 010 02c 000 000
1 011 02c 000 000
1 012 02c 000 000
1 013 02c 000 000
1 014 02c 000 000
1 015 02c 000 000
1 016 02c 000 000
1 017 02c 000 000
1 018 02c 000 000
1 019 02c 000 000
1 01a 02c 000 000
1 01b 02c 000 000
1 01c 02c 000 000
1 01d 02c 000 000
1 01e 02c 000 000
1 01f 02c 000 000
1 020 02c 000 000
1 021 02c 000 000
1 022 02c 000 000
1 023 02c 000 000
1 024 02c 000 000
1 025 02c 000 000
1 026 02c 000 000
1 027 02c 000 000
1 028 02c 000 000
1 029 02c 000 000
1 02a 02c 000 000
1 02b 02c 000 000
1 02c 02c 000 000
1 02d 02c 000 000
1 02e 02c 000 000
1 02f 02c 000 000
1 030 02c 000 000
1 031 02c 000 000
1 032 02c 000 000
1 033 02c 000 000
1 034 02c 000 000
1 035 02c 000 000
1 036 02c 000 000
1 037 02c 000 000
1 038 02c 000 000
1 039 02c 000 000
1 03a 02c 000 000
1 03b 02c 000 000
1 03c 02c 000 000
1 03d 02c 000 000
1 03e 02c 000 000
1 03f 02c 000 000
1 040 02c 000 000
1 041 02c 000 000
1 042 02c 000 000
1 043 02c 000 000
1 044 02c 000 000
1 045 02c 000 000
1 046 02c 000 000
1 047 02c 000 000
1 048 02c 000 000
1 049 02c 000 000
1 04a 02c 000 000
1 04b 02c 000 000
1 04c 02c 000 000
1 04d 02c 000 000
1 04e 02c 000 000
1 04f 02c 000 000
1 010 02d 000 000
1 011 02d 000 000
1 012 02d 000 000
1 013 02d 000 000
1 014 02d 000 000
1 015 02d 000 000
1 016 02d 000 000
1 017 02d 000 000
1 018 02d 000 000
1 019 02d 000 000
1 01a 02d 000 000
1 01b 02d 000 000
1 01c 02d 000 000
1 01d 02d 000 000
1 01e 02d 000 000
1 01f 02d 000 000
1 020 02d 000 000
1 021 02d 000 000
1 022 02d 000 000
1 023 02d 000 000
1 024 02d 000 000
1 025 02d 000 000
1 026 02d 000 000
1 027 02d 000 000
1 028 02d 000 000
1 029 02d 000 000
1 02a 02d 000 000
1 02b 02d 000 000
1 02c 02d 000 000
1 02d 02d 000 000
1 02e 02d 000 000
1 02f 02d 000 000
1 030 02d 000 000
1 031 02d 000 000
1 032 02d 000 000
1 033 02d 000 000
1 034 02d 000 000
1 035 02d 000 000
1 036 02d 000 000
1 037 02d 000 000
1 038 02d 000 000
1 039 02d 000 000
1 03a 02d 000 000
1 03b 02d 000 000
1 03c 02d 000 000
1 03d 02d 000 000
1 03e 02d 000 000
1 03f 02d 000 000
1 040 02d 000 000
1 041 02d 000 000
1 042 02d 000 000
1 043 02d 000 000
1 044 02d 000 000
1 045 02d 000 000
1 046 02d 000 000
1 047 02d 000 000
1 048 02d 000 000
1 049 02d 000 000
1 04a 02d 000 000
1 04b 02d 000 000
1 04c 02d 000 000
1 04d 02d 000 000
1 04e 02d 000 000
1 04f 02d 000 000
1 010 02e 000 000
1 011 02e 000 000
1 012 02e 000 000
1 013 02e 000 000
1 014 02e 000 000
1 015 02e 000 000
1 016 02e 000 000
1 017 02e 000 000
1 018 02e 000 000
1 019 02e 000 000
1 01a 02e 000 000
1 01b 02e 000 000
1 01c 02e 000 000
1 01d 02e 000 000
1 01e 02e 000 000
1 01f 02e 000 000
1 020 02e 000 000
1 021 02e 000 000
1 022 02e 000 000
1 023 02e 000 000
1 024 02e 000 000
1 025 02e 000 000
1 026 02e 000 000
1 027 02e 000 000
1 028 02e 000 000
1 029 02e 000 000
1 02a 02e 000 000
1 02b 02e 000 000
1 02c 02e 000 000
1 02d 02e 000 000
1 02e 02e 000 000
1 02f 02e 000 000
1 030 02e 000 000
1 031 02e 000 000
1 032 02e 000 000
1 033 02e 000 000
1 034 02e 000 000
1 035 02e 000 000
1 036 02e 000 000
1 037 02e 000 000
1 038 02e 000 000
1 039 02e 000 000
1 03a 02e 000 000
1 03b 02e 000 000
1 03c 02e 000 000
1 03d 02e 000 000
1 03e 02e 000 000
1 03f 02e 000 000
1 040 02e 000 000
1 041 02e 000 000
1 042 02e 000 000
1 043 02e 000 000
1 044 02e 000 000
1 045 02e 000 000
1 046 02e 000 000
1 047 02e 000 000
1 048 02e 000 000
1 049 02e 000 000
1 04a 02e 000 000
1 04b 02e 000 000
1 04c 02e 000 000
1 04d 02e 000 000
1 04e 02e 000 000
1 04f 02e 000 000
1 010 02f 000 000
1 011 02f 000 000
1 012 02f 000 000
1 013 02f 000 000
1 014 02f 000 000
1 015 02f 000 000
1 016 02f 000 000
1 017 02f 000 000
1 018 02f 000 000
1 019 02f 000 000
1 01a 02f 000 000
1 01b 02f 000 000
1 01c 02f 000 000
1 01d 02f 000 000
1 01e 02f 000 000
1 01f 02f 000 000
1 020 02f 000 000
1 021 02f 000 000
1 022 02f 000 000
1 023 02f 000 000
1 024 02f 000 000
1 025 02f 000 000
1 026 02f 000 000
1 027 02f 000 000
1 028 02f 000 000
1 029 02f 000 000
1 02a 02f 000 000
1 02b 02f 000 000
1 02c 02f 000 000
1 02d 02f 000 000
1 02e 02f 000 000
1 02f 02f 000 000
1 030 02f 000 000
1 031 02f 000 000
1 032 02f 000 000
1 033 02f 000 000
1 034 02f 000 000
1 035 02f 000 000
1 036 02f 000 000
1 037 02f 000 000
1 038 02f 000 000
1 039 02f 000 000
1 03a 02f 000 000
1 03b 02f 000 000
1 03c 02f 000 000
1 03d 02f 000 000
1 03e 02f 000 000
1 03f 02f 000 000
1 040 02f 000 000
1 041 02f 000 000
1 042 02f 000 000
1 043 02f 000 000
1 044 02f 000 000
1 045 02f 000 000
1 046 02f 000 000
1 047 02f 000 000
1 048 02f 000 000
1 049 02f 000 000
1 04a 02f 000 000
1 04b 02f 000 000
1 04c 02f 000 000
1 04d 02f 000 000
1 04e 02f 000 000
1 04f 02f 000 000
1 010 030 000 000
1 011 030 000 000
1 012 030 000 000
1 013 030 000 000
1 014 030 000 000
1 015 030 000 000
1 016 030 000 000
1 017 030 000 000
1 018 030 000 000
1 019 030 000 000
1 01a 030 000 000
1 01b 030 000 000
1 01c 030 000 000
1 01d 030 000 000
1 01e 030 000 000
1 01f 030 000 000
1 020 030 000 000
1 021 030 000 000
1 022 030 000 000
1 023 030 000 000
1 024 030 000 000
1 025 030 000 000
1 026 030 000 000
1 027 030 000 000
1 028 030 000 000
1 029 030 000 000
1 02a 030 000 000
1 02b 030 000 000
1 02c 030 000 000
1 02d 030 000 000
1 02e 030 000 000
1 02f 030 000 000
1 030 030 000 000
1 031 030 000 000
1 032 030 000 000
1 033 030 000 000
1 034 030 000 000
1 035 030 000 000
1 036 030 000 000
1 037 030 000 000
1 038 030 000 000
1 039 030 000 000
1 03a 030 000 000
1 03b 030 000 000
1 03c 030 000 000
1 03d 030 000 000
1 03e 030 000 000
1 03f 030 000 000
1 040 030 000 000
1 041 030 000 000
1 042 030 000 000
1 043 030 000 000
1 044 030 000 000
1 045 030 000 000
1 046 030 000 000
1 047 030 000 000
1 048 030 000 000
1 049 030 000 000
1 04a 030 000 000
1 04b 030 000 000
1 04c 030 000 000
1 04d 030 000 000
1 04e 030 000 000
1 04f 030 000 000
1 010 031 000 000
1 011 031 000 000
1 012 031 000 000
1 013 031 000 000
1 014 031 000 000
1 015 031 000 000
1 016 031 000 000
1 017 031 000 000
1 018 031 000 000
1 019 031 000 000
1 01a 031 000 000
1 01b 031 000 000
1 01c 031 000 000
1 01d 031 000 000
1 01e 031 000 000
1 01f 031 000 000
1 020 031 000 000
1 021 031 000 000
1 022 031 000 000
1 023 031 000 000
1 024 031 000 000
1 025 031 000 000
1 026 031 000 000
1 027 031 000 000
1 028 031 000 000
1 029 031 000 000
1 02a 031 000 000
1 02b 031 000 000
1 02c 031 000 000
1 02d 031 000 000
1 02e 031 000 000
1 02f 031 000 000
1 030 031 000 000
1 031 031 000 000
1 032 031 000 000
1 033 031 000 000
1 034 031 000 000
1 035 031 000 000
1 036 031 000 000
1 037 031 000 000
1 038 031 000 000
1 039 031 000 000
1 03a 031 000 000
1 03b 031 000 000
1 03c 031 000 000
1 03d 031 000 000
1 03e 031 000 000
1 03f 031 000 000
1 040 031 000 000
1 041 031 000 000
1 042 031 000 000
1 043 031 000 000
1 044 031 000 000
1 045 031 000 000
1 046 031 000 000
1 047 031 000 000
1 048 031 000 000
1 049 031 000 000
1 04a 031 000 000
1 04b 031 000 000
1 04c 031 000 000
1 04d 031 000 000
1 04e 031 000 000
1 04f 031 000 000
1 010 032 000 000
1 011 032 000 000
1 012 032 000 000
1 013 032 000 000
1 014 032 000 000
1 015 032 000 000
1 016 032 000 000
1 017 032 000 000
1 018 032 000 000
1 019 032 000 000
1 01a 032 000 000
1 01b 032 000 000
1 01c 032 000 000
1 01d 032 000 000
1 01e 032 000 000
1 01f 032 000 000
1 020 032 000 000
1 021 032 000 000
1 022 032 000 000
1 023 032 000 000
1 024 032 000 000
1 025 032 000 000
1 026 032 000 000
1 027 032 000 000
1 028 032 000 000
1 029 032 000 000
1 02a 032 000 000
1 02b 032 000 000
1 02c 032 000 000
1 02d 032 000 000
1 02e 032 000 000
1 02f 032 000 000
1 030 032 000 000
1 031 032 000 000
1 032 032 000 000
1 033 032 000 000
1 034 032 000 000
1 035 032 000 000
1 036 032 000 000
1 037 032 000 000
1 038 032 000 000
1 039 032 000 000
1 03a 032 000 000
1 03b 032 000 000
1 03c 032 000 000
1 03d 032 000 000
1 03e 032 000 000
1 03f 032 000 000
1 040 032 000 000
1 041 032 000 000
1 042 032 000 000
1 043 032 000 000
1 044 032 000 000
1 045 032 000 000
1 046 032 000 000
1 047 032 000 000
1 048 032 000 000
1 049 032 000 000
1 04a 032 000 000
1 04b 032 000 000
1 04c 032 000 000
1 04d 032 000 000
1 04e 032 000 000
1 04f 032 000 000
1 010 033 000 000
1 011 033 000 000
1 012 033 000 000
1 013 033 000 000
1 014 033 000 000
1 015 033 000 000
1 016 033 000 000
1 017 033 000 000
1 018 033 000 000
1 019 033 000 000
1 01a 033 000 000
1 01b 033 000 000
1 01c 033 000 000
1 01d 033 000 000
1 01e 033 000 000
1 01f 033 000 000
1 020 033 000 000
1 021 033 000 000
1 022 033 000 000
1 023 033 000 000
1 024 033 000 000
1 025 033 000 000
1 026 033 000 000
1 027 033 000 000
1 028 033 000 000
1 029 033 000 000
1 02a 033 000 000
1 02b 033 000 000
1 02c 033 000 000
1 02d 033 000 000
1 02e 033 000 000
1 02f 033 000 000
1 030 033 000 000
1 031 033 000 000
1 032 033 000 000
1 033 033 000 000
1 034 033 000 000
1 035 033 000 000
1 036 033 000 000
1 037 033 000 000
1 038 033 000 000
1 039 033 000 000
1 03a 033 000 000
1 03b 033 000 000
1 03c 033 000 000
1 03d 033 000 000
1 03e 033 000 000
1 03f 033 000 000
1 040 033 000 000
1 041 033 000 000
1 042 033 000 000
1 043 033 000 000
1 044 033 000 000
1 045 033 000 000
1 046 033 000 000
1 047 033 000 000
1 048 033 000 000
1 049 033 000 000
1 04a 033 000 000
1 04b 033 000 000
1 04c 033 000 000
1 04d 033 000 000
1 04e 033 000 000
1 04f 033 000 000
1 010 034 000 000
1 011 034 000 000
1 012 034 000 000
1 013 034 000 000
1 014 034 000 000
1 015 034 000 000
1 016 034 000 000
1 017 034 000 000
1 018 034 000 000
1 019 034 000 000
1 01a 034 000 000
1 01b 034 000 000
1 01c 034 000 000
1 01d 034 000 000
1 01e 034 000 000
1 01f 034 000 000
1 020 034 000 000
1 021 034 000 000
1 022 034 000 000
1 023 034 000 000
1 024 034 000 000
1 025 034 000 000
1 026 034 000 000
1 027 034 000 000
1 028 034 000 000
1 029 034 000 000
1 02a 034 000 000
1 02b 034 000 000
1 02c 034 000 000
1 02d 034 000 000
1 02e 034 000 000
1 02f 034 000 000
1 030 034 000 000
1 031 034 000 000
1 032 034 000 000
1 033 034 000 000
1 034 034 000 000
1 035 034 000 000
1 036 034 000 000
1 037 034 000 000
1 038 034 000 000
1 039 034 000 000
1 03a 034 000 000
1 03b 034 000 000
1 03c 034 000 000
1 03d 034 000 000
1 03e 034 000 000
1 03f 034 000 000
1 040 034 000 000
1 041 034 000 000
1 042 034 000 000
1 043 034 000 000
1 044 034 000 000
1 045 034 000 000
1 046 034 000 000
1 047 034 000 000
1 048 034 000 000
1 049 034 000 000
1 04a 034 000 000
1 04b 034 000 000
1 04c 034 000 000
1 04d 034 000 000
1 04e 034 000 000
1 04f 034 000 000
1 010 035 000 000
1 011 035 000 000
1 012 035 000 000
1 013 035 000 000
1 014 035 000 000
1 015 035 000 000
1 016 035 000 000
1 017 035 000 000
1 018 035 000 000
1 019 035 000 000
1 01a 035 000 000
1 01b 035 000 000
1 01c 035 000 000
1 01d 035 000 000
1 01e 035 000 000
1 01f 035 000 000
1 020 035 000 000
1 021 035 000 000
1 022 035 000 000
1 023 035 000 000
1 024 035 000 000
1 025 035 000 000
1 026 035 000 000
1 027 035 000 000
1 028 035 000 000
1 029 035 000 000
1 02a 035 000 000
1 02b 035 000 000
1 02c 035 000 000
1 02d 035 000 000
1 02e 035 000 000
1 02f 035 000 000
1 030 035 000 000
1 031 035 000 000
1 032 035 000 000
1 033 035 000 000
1 034 035 000 000
1 035 035 000 000
1 036 035 000 000
1 037 035 000 000
1 038 035 000 000
1 039 035 000 000
1 03a 035 000 000
1 03b 035 000 000
1 03c 035 000 000
1 03d 035 000 000
1 03e 035 000 000
1 03f 035 000 000
1 040 035 000 000
1 041 035 000 000
1 042 035 000 000
1 043 035 000 000
1 044 035 000 000
1 045 035 000 000
1 046 035 000 000
1 047 035 000 000
1 048 035 000 000
1 049 035 000 000
1 04a 035 000 000
1 04b 035 000 000
1 04c 035 000 000
1 04d 035 000 000
1 04e 035 000 000
1 04f 035 000 000
1 010 036 000 000
1 011 036 000 000
1 012 036 000 000
1 013 036 000 000
1 014 036 000 000
1 015 036 000 000
1 016 036 000 000
1 017 036 000 000
1 018 036 000 000
1 019 036 000 000
1 01a 036 000 000
1 01b 036 000 000
1 01c 036 000 000
1 01d 036 000 000
1 01e 036 000 000
1 01f 036 000 000
1 020 036 000 000
1 021 036 000 000
1 022 036 000 000
1 023 036 000 000
1 024 036 000 000
1 025 036 000 000
1 026 036 000 000
1 027 036 000 000
1 028 036 000 000
1 029 036 000 000
1 02a 036 000 000
1 02b 036 000 000
1 02c 036 000 000
1 02d 036 000 000
1 02e 036 000 000
1 02f 036 000 000
1 030 036 000 000
1 031 036 000 000
1 032 036 000 000
1 033 036 000 000
1 034 036 000 000
1 035 036 000 000
1 036 036 000 000
1 037 036 000 000
1 038 036 000 000
1 039 036 000 000
1 03a 036 000 000
1 03b 036 000 000
1 03c 036 000 000
1 03d 036 000 000
1 03e 036 000 000
1 03f 036 000 000
1 040 036 000 000
1 041 036 000 000
1 042 036 000 000
1 043 036 000 000
1 044 036 000 000
1 045 036 000 000
1 046 036 000 000
1 047 036 000 000
1 048 036 000 000
1 049 036 000 000
1 04a 036 000 000
1 04b 036 000 000
1 04c 036 000 000
1 04d 036 000 000
1 04e 036 000 000
1 04f 036 000 000
1 010 037 000 000
1 011 037 000 000
1 012 037 000 000
1 013 037 000 000
1 014 037 000 000
1 015 037 000 000
1 016 037 000 000
1 017 037 000 000
1 018 037 000 000
1 019 037 000 000
1 01a 037 000 000
1 01b 037 000 000
1 01c 037 000 000
1 01d 037 000 000
1 01e 037 000 000
1 01f 037 000 000
1 020 037 000 000
1 021 037 000 000
1 022 037 000 000
1 023 037 000 000
1 024 037 000 000
1 025 037 000 000
1 026 037 000 000
1 027 037 000 000
1 028 037 000 000
1 029 037 000 000
1 02a 037 000 000
1 02b 037 000 000
1 02c 037 000 000
1 02d 037 000 000
1 02e 037 000 000
1 02f 037 000 000
1 030 037 000 000
1 031 037 000 000
1 032 037 000 000
1 033 037 000 000
1 034 037 000 000
1 035 037 000 000
1 036 037 000 000
1 037 037 000 000
1 038 037 000 000
1 039 037 000 000
1 03a 037 000 000
1 03b 037 000 000
1 03c 037 000 000
1 03d 037 000 000
1 03e 037 000 000
1 03f 037 000 000
1 040 037 000 000
1 041 037 000 000
1 042 037 000 000
1 043 037 000 000
1 044 037 000 000
1 045 037 000 000
1 046 037 000 000
1 047 037 000 000
1 048 037 000 000
1 049 037 000 000
1 04a 037 000 000
1 04b 037 000 000
1 04c 037 000 000
1 04d 037 000 000
1 04e 037 000 000
1 04f 037 000 000
1 010 038 000 000
1 011 038 000 000
1 012 038 000 000
1 013 038 000 000
1 014 038 000 000
1 015 038 000 000
1 016 038 000 000
1 017 038 000 000
1 018 038 000 000
1 019 038 000 000
1 01a 038 000 000
1 01b 038 000 000
1 01c 038 000 000
1 01d 038 000 000
1 01e 038 000 000
1 01f 038 000 000
1 020 038 000 000
1 021 038 000 000
1 022 038 000 000
1 023 038 000 000
1 024 038 000 000
1 025 038 000 000
1 026 038 000 000
1 027 038 000 000
1 028 038 000 000
1 029 038 000 000
1 02a 038 000 000
1 02b 038 000 000
1 02c 038 000 000
1 02d 038 000 000
1 02e 038 000 000
1 02f 038 000 000
1 030 038 000 000
1 031 038 000 000
1 032 038 000 000
1 033 038 000 000
1 034 038 000 000
1 035 038 000 000
1 036 038 000 000
1 037 038 000 000
1 038 038 000 000
1 039 038 000 000
1 03a 038 000 000
1 03b 038 000 000
1 03c 038 000 000
1 03d 038 000 000
1 03e 038 000 000
1 03f 038 000 000
1 040 038 000 000
1 041 038 000 000
1 042 038 000 000
1 043 038 000 000
1 044 038 000 000
1 045 038 000 000
1 046 038 000 000
1 047 038 000 000
1 048 038 000 000
1 049 038 000 000
1 04a 038 000 000
1 04b 038 000 000
1 04c 038 000 000
1 04d 038 000 000
1 04e 038 000 000
1 04f 038 000 000
1 010 039 000 000
1 011 039 000 000
1 012 039 000 000
1 013 039 000 000
1 014 039 000 000
1 015 039 000 000
1 016 039 000 000
1 017 039 000 000
1 018 039 000 000
1 019 039 000 000
1 01a 039 000 000
1 01b 039 000 000
1 01c 039 000 000
1 01d 039 000 000
1 01e 039 000 000
1 01f 039 000 000
1 020 039 000 000
1 021 039 000 000
1 022 039 000 000
1 023 039 000 000
1 024 039 000 000
1 025 039 000 000
1 026 039 000 000
1 027 039 000 000
1 028 039 000 000
1 029 039 000 000
1 02a 039 000 000
1 02b 039 000 000
1 02c 039 000 000
1 02d 039 000 000
1 02e 039 000 000
1 02f 039 000 000
1 030 039 000 000
1 031 039 000 000
1 032 039 000 000
1 033 039 000 000
1 034 039 000 000
1 035 039 000 000
1 036 039 000 000
1 037 039 000 000
1 038 039 000 000
1 039 039 000 000
1 03a 039 000 000
1 03b 039 000 000
1 03c 039 000 000
1 03d 039 000 000
1 03e 039 000 000
1 03f 039 000 000
1 040 039 000 000
1 041 039 000 000
1 042 039 000 000
1 043 039 000 000
1 044 039 000 000
1 045 039 000 000
1 046 039 000 000
1 047 039 000 000
1 048 039 000 000
1 049 039 000 000
1 04a 039 000 000
1 04b 039 000 000
1 04c 039 000 000
1 04d 039 000 000
1 04e 039 000 000
1 04f 039 000 000
1 010 03a 000 000
1 011 03a 000 000
1 012 03a 000 000
1 013 03a 000 000
1 014 03a 000 000
1 015 03a 000 000
1 016 03a 000 000
1 017 03a 000 000
1 018 03a 000 000
1 019 03a 000 000
1 01a 03a 000 000
1 01b 03a 000 000
1 01c 03a 000 000
1 01d 03a 000 000
1 01e 03a 000 000
1 01f 03a 000 000
1 020 03a 000 000
1 021 03a 000 000
1 022 03a 000 000
1 023 03a 000 000
1 024 03a 000 000
1 025 03a 000 000
1 026 03a 000 000
1 027 03a 000 000
1 028 03a 000 000
1 029 03a 000 000
1 02a 03a 000 000
1 02b 03a 000 000
1 02c 03a 000 000
1 02d 03a 000 000
1 02e 03a 000 000
1 02f 03a 000 000
1 030 03a 000 000
1 031 03a 000 000
1 032 03a 000 000
1 033 03a 000 000
1 034 03a 000 000
1 035 03a 000 000
1 036 03a 000 000
1 037 03a 000 000
1 038 03a 000 000
1 039 03a 000 000
1 03a 03a 000 000
1 03b 03a 000 000
1 03c 03a 000 000
1 03d 03a 000 000
1 03e 03a 000 000
1 03f 03a 000 000
1 040 03a 000 000
1 041 03a 000 000
1 042 03a 000 000
1 043 03a 000 000
1 044 03a 000 000
1 045 03a 000 000
1 046 03a 000 000
1 047 03a 000 000
1 048 03a 000 000
1 049 03a 000 000
1 04a 03a 000 000
1 04b 03a 000 000
1 04c 03a 000 000
1 04d 03a 000 000
1 04e 03a 000 000
1 04f 03a 000 000
1 010 03b 000 000
1 011 03b 000 000
1 012 03b 000 000
1 013 03b 000 000
1 014 03b 000 000
1 015 03b 000 000
1 016 03b 000 000
1 017 03b 000 000
1 018 03b 000 000
1 019 03b 000 000
1 01a 03b 000 000
1 01b 03b 000 000
1 01c 03b 000 000
1 01d 03b 000 000
1 01e 03b 000 000
1 01f 03b 000 000
1 020 03b 000 000
1 021 03b 000 000
1 022 03b 000 000
1 023 03b 000 000
1 024 03b 000 000
1 025 03b 000 000
1 026 03b 000 000
1 027 03b 000 000
1 028 03b 000 000
1 029 03b 000 000
1 02a 03b 000 000
1 02b 03b 000 000
1 02c 03b 000 000
1 02d 03b 000 000
1 02e 03b 000 000
1 02f 03b 000 000
1 030 03b 000 000
1 031 03b 000 000
1 032 03b 000 000
1 033 03b 000 000
1 034 03b 000 000
1 035 03b 000 000
1 036 03b 000 000
1 037 03b 000 000
1 038 03b 000 000
1 039 03b 000 000
1 03a 03b 000 000
1 03b 03b 000 000
1 03c 03b 000 000
1 03d 03b 000 000
1 03e 03b 000 000
1 03f 03b 000 000
1 040 03b 000 000
1 041 03b 000 000
1 042 03b 000 000
1 043 03b 000 000
1 044 03b 000 000
1 045 03b 000 000
1 046 03b 000 000
1 047 03b 000 000
1 048 03b 000 000
1 049 03b 000 000
1 04a 03b 000 000
1 04b 03b 000 000
1 04c 03b 000 000
1 04d 03b 000 000
1 04e 03b 000 000
1 04f 03b 000 000
